A - You Are Given Two Binary Strings...,1202,"{'input0': '4\r\n1010\r\n11\r\n10001\r\n110\r\n1\r\n1\r\n1010101010101\r\n11110000\r\n', 'input1': '100\r\n1\r\n1\r\n10\r\n1\r\n10\r\n10\r\n11\r\n1\r\n11\r\n10\r\n11\r\n11\r\n100\r\n1\r\n100\r\n10\r\n100\r\n11\r\n100\r\n100\r\n101\r\n1\r\n101\r\n10\r\n101\r\n11\r\n101\r\n100\r\n101\r\n101\r\n110\r\n1\r\n110\r\n10\r\n110\r\n11\r\n110\r\n100\r\n110\r\n101\r\n110\r\n110\r\n111\r\n1\r\n111\r\n10\r\n111\r\n11\r\n111\r\n100\r\n111\r\n101\r\n111\r\n110\r\n111\r\n111\r\n1000\r\n1\r\n1000\r\n10\r\n1000\r\n11\r\n1000\r\n100\r\n1000\r\n101\r\n1000\r\n110\r\n1000\r\n111\r\n1000\r\n1000\r\n1001\r\n1\r\n1001\r\n10\r\n1001\r\n11\r\n1001\r\n100\r\n1001\r\n101\r\n1001\r\n110\r\n1001\r\n111\r\n1001\r\n1000\r\n1001\r\n1001\r\n1010\r\n1\r\n1010\r\n10\r\n1010\r\n11\r\n1010\r\n100\r\n1010\r\n101\r\n1010\r\n110\r\n1010\r\n111\r\n101...', 'input2': '100\r\n1110\r\n1\r\n1110\r\n10\r\n1110\r\n11\r\n1110\r\n100\r\n1110\r\n101\r\n1110\r\n110\r\n1110\r\n111\r\n1110\r\n1000\r\n1110\r\n1001\r\n1110\r\n1010\r\n1110\r\n1011\r\n1110\r\n1100\r\n1110\r\n1101\r\n1110\r\n1110\r\n1111\r\n1\r\n1111\r\n10\r\n1111\r\n11\r\n1111\r\n100\r\n1111\r\n101\r\n1111\r\n110\r\n1111\r\n111\r\n1111\r\n1000\r\n1111\r\n1001\r\n1111\r\n1010\r\n1111\r\n1011\r\n1111\r\n1100\r\n1111\r\n1101\r\n1111\r\n1110\r\n1111\r\n1111\r\n10000\r\n1\r\n10000\r\n10\r\n10000\r\n11\r\n10000\r\n100\r\n10000\r\n101\r\n10000\r\n110\r\n10000\r\n111\r\n10000\r\n1000\r\n10000\r\n1001\r\n10000\r\n1010\r\n10000\r\n1011\r\n10000\r\n1100\r\n10000\r\n1101\r\n10000\r\n1110\r\n10000\r\n11...', 'input3': '1\r\n1000000000000000000000000000000000000000000000000000000000000000000000000000000000000000000000000000000000000000000000000000000000000000000000000000000000000000000000000000000000000000000000000000000000000000000000000000000000000000000000000000000000000000000000000000000000000000000000000000000000000000000000000000000000000000000000000000000000000000000000000000000000000000000000000000000000000000000000000000000000000000000000000000000000000000000000000000000000000000000000000000000000000000000000000000...', 'input4': '1\r\n1110010100101100011111111010011101111100100101111000000000000000000000000000000000000000000000000000000000000000000000000000000000000000000000000000000000000000000000000000000000000000000000000000000000000000000000000000000000000000000000000000000000000000000000000000000000000000000000000000000000000000000000000000000000000000000000000000000000000000000000000000000000000000000000000000000000000000000000000000000000000000000000000000000000000000000000000000000000000000000000000000000000000000000000000000...', 'input5': '100\r\n10100010110100111010000001001110100000110011001001011110101010101110110111111000001000000001110010100110010000110110111011011011100010011101000111010100000101101101110111000011100101100100010100000011010011110011001101001100111101110001001011110010010101000010111111110110010001100110011000001101100011010011100111000010101001000010101101000111000101001010111111011010000111011111001100000000010011100010011110110100010101010001010011100110011111011000101100001000010001010110010001111011011001011000000001...', 'input6': '1\r\n11\r\n10\r\n', 'input7': '1\r\n1010101010111000110\r\n1\r\n', 'input8': '1\r\n1010101010111000100110\r\n1\r\n', 'input9': '1\r\n1111111111111111111111111111111111111111111111111111111111111111111111111111111111111111111111111111111111111111111111111111111111111111111111111111111111111111111111111111111111111111111111111111111111111111111111111111111111111111111111111111111111111111111111111111111111111111111111111111111111111111111111111111111111111111111111111111111111111111111111111111111111111111111111111111111111111111111111111111111111111111111111111111111111111111111111111111111111111111111111111111111111111111111111111111...'}","{'output00': '1\r\n3\r\n0\r\n0\r\n', 'output01': '0\r\n1\r\n0\r\n0\r\n0\r\n0\r\n2\r\n1\r\n2\r\n0\r\n0\r\n1\r\n0\r\n0\r\n0\r\n1\r\n0\r\n1\r\n0\r\n1\r\n0\r\n0\r\n0\r\n0\r\n0\r\n0\r\n0\r\n0\r\n3\r\n2\r\n3\r\n1\r\n3\r\n2\r\n3\r\n0\r\n0\r\n2\r\n0\r\n1\r\n0\r\n2\r\n0\r\n0\r\n0\r\n1\r\n0\r\n1\r\n1\r\n1\r\n0\r\n1\r\n0\r\n1\r\n0\r\n0\r\n0\r\n0\r\n1\r\n0\r\n0\r\n0\r\n0\r\n0\r\n0\r\n0\r\n2\r\n1\r\n2\r\n0\r\n2\r\n1\r\n2\r\n0\r\n2\r\n1\r\n2\r\n0\r\n0\r\n1\r\n0\r\n0\r\n0\r\n1\r\n0\r\n0\r\n0\r\n1\r\n0\r\n0\r\n0\r\n1\r\n0\r\n1\r\n0\r\n1\r\n0\r\n1\r\n0\r\n1\r\n', 'output02': '1\r\n0\r\n1\r\n0\r\n1\r\n0\r\n1\r\n0\r\n1\r\n0\r\n1\r\n0\r\n1\r\n0\r\n0\r\n0\r\n0\r\n0\r\n0\r\n0\r\n0\r\n0\r\n0\r\n0\r\n0\r\n0\r\n0\r\n0\r\n0\r\n4\r\n3\r\n4\r\n2\r\n4\r\n3\r\n4\r\n1\r\n4\r\n3\r\n4\r\n2\r\n4\r\n3\r\n4\r\n0\r\n0\r\n3\r\n0\r\n2\r\n0\r\n3\r\n0\r\n1\r\n0\r\n3\r\n0\r\n2\r\n0\r\n3\r\n0\r\n0\r\n0\r\n1\r\n0\r\n1\r\n2\r\n1\r\n0\r\n1\r\n1\r\n1\r\n0\r\n1\r\n2\r\n1\r\n0\r\n1\r\n0\r\n1\r\n0\r\n0\r\n0\r\n0\r\n2\r\n0\r\n0\r\n0\r\n1\r\n0\r\n0\r\n0\r\n2\r\n0\r\n0\r\n0\r\n0\r\n0\r\n0\r\n0\r\n2\r\n', 'output03': '99999\r\n', 'output04': '99945\r\n', 'output05': '3\r\n0\r\n2\r\n2\r\n2\r\n0\r\n1\r\n0\r\n2\r\n3\r\n1\r\n1\r\n3\r\n4\r\n2\r\n1\r\n0\r\n0\r\n4\r\n4\r\n1\r\n0\r\n1\r\n4\r\n0\r\n0\r\n1\r\n1\r\n0\r\n1\r\n2\r\n1\r\n0\r\n0\r\n0\r\n0\r\n0\r\n0\r\n0\r\n0\r\n1\r\n0\r\n1\r\n2\r\n1\r\n1\r\n0\r\n0\r\n0\r\n1\r\n0\r\n2\r\n3\r\n0\r\n1\r\n1\r\n0\r\n1\r\n0\r\n1\r\n1\r\n0\r\n4\r\n1\r\n0\r\n1\r\n0\r\n2\r\n1\r\n2\r\n7\r\n2\r\n4\r\n0\r\n0\r\n2\r\n2\r\n1\r\n0\r\n2\r\n1\r\n0\r\n0\r\n0\r\n3\r\n1\r\n0\r\n6\r\n0\r\n0\r\n0\r\n0\r\n0\r\n0\r\n0\r\n0\r\n0\r\n2\r\n5\r\n0\r\n', 'output06': '0\r\n', 'output07': '1\r\n', 'output08': '1\r\n', 'output09': '0\r\n'}"
B - You Are Given a Decimal String...,1202,"{'input0': '0840\r\n', 'input1': '0659294725613608419263005157472379174227415717141388659240550061296764890425662807239326874869385672317046452849047888917394712579724837245506090621864564389083036956424788104220261842682610824899875307741601659448329244600698494947468889756938005635032606027402833835122464709919919078754358214130013753895696044474681519504553975686834679688747465070013193490999514739761184409746737933474927008426487713428832799821186147976717677914046782216998321264258366248000069586548393942954566451719098802831894040739...', 'input2': '0840060648660024404268006480082004420622626460804408226284202868626468488848462244886800628660228604484622468642086000084248286264086824802406604826648640066486428284048824284282284866040840806206684088448606846806208802000244422622062484060888826286082006884628828048628640488082646404680680482642664444268468206284688400248466804260422266800666866868020444684624862406426040220848228282244686440828464604880446286468648482000828404660804268022424242240668240828622448444806424664602020826244688686460006628460...', 'input3': '0000000000000000000000000000000000000000000000000000000000000000000000000000000000000000000000000000000000000000000000000000000000000000000000000000000000000000000000000000000000000000000000000000000000000000000000000000000000000000000000000000000000000000000000000000000000000000000000000000000000000000000000000000000000000000000000000000000000000000000000000000000000000000000000000000000000000000000000000000000000000000000000000000000000000000000000000000000000000000000000000000000000000000000000000000000...', 'input4': '0282822288282228222282828282222222282888888888228228888222822828282282888222222888822222882228228288882888288882222822222222822888228888828828282822822282888288222288228882282828228228882822288228288828222828288222828822288882288882882222288822282888828828222282882888888228222288828882282222888822222222888888222288282228882228288288882282822288288828822222888882222288882822222882822888282828282222888888288882228282282882222882888222282288222222222828228282828822822282882828828228822222882828222222228882888...', 'input5': '0000008080888080888088000888088880008800080080080088880800088808808888880808880000080088008088880800008008888888088808080800808008880008088080888800800808880080800888008008008888008808808088888800880808088088080888800080008088008088800800088000888880888000800088880800880888088800888808880008000800088880008808880808080888888800008088888888880800800880080008800000800000080008080000808080888800808800800888088888808808088888888008008080880880808880000800808800080088808000000000880808008080000880888880880088000...', 'input6': '0466660462200220626460604222426200462004642006440004466060046246444602644662620062066420664442024020442442046024024044402626040026624004246644020442620226600444244424466000622046246222666246420200404044624026404624060646622040022402000600640222244066422440204642260602666426466622002640266642206044462622624400666242244666206604624446220600626224406046204664602020000402060420200646002022242640462024204460446264020002624224402602262662242266420062244004626044244064222040444260660600246060242042646266206022064...', 'input7': '0404442280480404228422840848028224422042204422220244440004400802402208884288844484088028088488408200822002082282428802820408048008824288802284282884200208420828204228002042448828448240288822808044288008082022244222204224484822442422804000022444888882808400024248028804888022442840282820804882448042888040448802284004484428808040402888288208842208840444020208284400800208224202804284208420222048008000284244082822222282828428828402048280220802220420440220200484220422222804802482424248822022824020888024284824444...', 'input8': '0486664648444600468660646806880464486408464666666088608468684008800866864044000860066808640488088004666868486066866868488466404408866068846848480686668600440064448080440084888840408048440686606084864448046660648008868486660406804868884048600066444046604040668666604664484664088400866040840404888888000448048408864066084464484600466604466666606680680086406880400804084846464644686440460406606468884866044888444086440484460604646866888448684008066484668486684446680880444046004888604646640048060644644400440868084...', 'input9': '0828222228266622222222868668288266626262266282228222268286622826262282866226268268686682226262262226226688626262288222822262266288266222222628282228622662826226668222622286682826622622222822226282622888222222222268286222628662882622222262262286266826622666668286228628282222262826668622226628628268222262262286662222888282222282288888822682622222826268266228888222822662622266882266282286228862228226222226226228282668282222662286822822268868626628266222266622862282266268622868286226226262628288282266226222862...', 'input10': '02\r\n', 'input11': '01\r\n', 'input12': '011\r\n', 'input13': '001\r\n', 'input14': '03\r\n', 'input15': '07\r\n', 'input16': '0864117237893328935984842811967925813933858494207506524593391604164529060694674841673091286431014958307555418791263200021247416737896209386631935198926045800695602418146596879593724537366587535920631049333984647678874756603620969219609685122221953604682255410431124369535921472688722089081981477770852053025192805547412574637802434191225846354721376523498578645919803261282788054201518236060028405153795261813493250473262058768638498613399835391887796238018816027843797458833878902209352628933016149140564921470...', 'input17': '0284741578101487393626198961096794070257725426995398527241507051197621787785557239802097598558617507137388438471804198888220257380565852064875666177071278914126413202846980094209136633172402247357043933263963951437556067493704985622365138802012961365422627058261911155264836146819293925577976467489515712309014380017158626860822373680038441449136739513093975644242955718985645371837273899595076514708628601895359763783707525413358349366399340246313478115069152357537259359171573271237406454085533480657680829103...', 'input18': '0\r\n', 'input19': '018473\r\n', 'input20': '0198473\r\n', 'input21': '01984783\r\n', 'input22': '01982373\r\n', 'input23': '0198499473\r\n', 'input24': '019847003\r\n', 'input25': '019258473\r\n', 'input26': '01984935\r\n', 'input27': '01828473\r\n', 'input28': '014039\r\n', 'input29': '000473\r\n', 'input30': '01992473\r\n', 'input31': '0198009473\r\n', 'input32': '014928473\r\n', 'input33': '017928473\r\n', 'input34': '015928473\r\n', 'input35': '000198473\r\n', 'input36': '019408473\r\n', 'input37': '01985222473\r\n', 'input38': '0195258473\r\n', 'input39': '0198433773\r\n', 'input40': '019842273\r\n', 'input41': '019833473\r\n', 'input42': '0198717473\r\n', 'input43': '0198588473\r\n'}","{'output00': '-1 17 7 7 7 -1 2 17 2 7 \r\n17 17 7 5 5 5 2 7 2 7 \r\n7 7 7 4 3 7 1 7 2 5 \r\n7 5 4 7 3 3 2 5 2 3 \r\n7 5 3 3 7 7 1 7 2 7 \r\n-1 5 7 3 7 -1 2 9 2 7 \r\n2 2 1 2 1 2 2 2 0 1 \r\n17 7 7 5 7 9 2 17 2 3 \r\n2 2 2 2 2 2 0 2 2 2 \r\n7 7 5 3 7 7 1 3 2 7 \r\n', 'output01': '-1 7203275 -1 7198539 -1 -1 -1 7199973 -1 7195237 \r\n7203275 9004940 4002307 3002200 3000071 3401380 4003670 3001332 2800973 3401146 \r\n-1 4002307 -1 2999787 -1 3399136 -1 4002273 -1 2800465 \r\n7198539 3002200 2999787 9000204 2800471 3398220 3999939 3401840 4000904 3000098 \r\n-1 3000071 -1 2800471 -1 3396370 -1 4000656 -1 3999507 \r\n-1 3401380 3399136 3398220 3396370 -1 3400533 3399602 3397767 3396442 \r\n-1 4003670 -1 3999939 -1 3400533 -1 2801657 -1 2999506 \r\n7199973 3001332 4002273 3401840 4000656 3399602 2801...', 'output02': '-1 6394719 2397449 6397049 2400849 -1 2398614 6401519 2402014 6403849 \r\n6394719 9996321 3998161 3599549 2800569 3598013 3999326 3599603 2399990 3598067 \r\n2397449 3998161 3998161 2798762 1599577 2797627 1599363 3998161 1199212 2398611 \r\n6397049 3599549 2798762 9998651 2401957 3601199 3999326 3601573 4002726 3599175 \r\n2400849 2800569 1599577 2401957 4001561 2801027 1200965 4001561 1601170 4001561 \r\n-1 3598013 2797627 3601199 2801027 -1 2798792 3598441 2802192 3601627 \r\n2398614 3999326 1599363 3999326 1200965...', 'output03': '0 0 0 0 0 0 0 0 0 0 \r\n0 17999991 7999996 5999997 5999997 1999999 7999996 5999997 3999998 1999999 \r\n0 7999996 7999996 5999997 3999998 1999999 3999998 7999996 1999999 3999998 \r\n0 5999997 5999997 17999991 3999998 1999999 7999996 1999999 7999996 5999997 \r\n0 5999997 3999998 3999998 7999996 1999999 1999999 7999996 3999998 7999996 \r\n0 1999999 1999999 1999999 1999999 1999999 1999999 1999999 1999999 1999999 \r\n0 7999996 3999998 7999996 1999999 1999999 7999996 3999998 3999998 5999997 \r\n0 5999997 7999996 1999999 79999...', 'output04': '-1 3998182 1499318 3998180 1499321 -1 1499317 3998188 1499320 3998186 \r\n3998182 13002259 5501130 4000905 4000906 2999543 5501129 5000451 3500224 3999089 \r\n1499318 5501130 5501130 4000904 2500679 2499771 2500678 5501130 1999998 3500224 \r\n3998180 4000905 4000904 13002257 2500681 2999545 5501129 2000001 5501132 5000449 \r\n1499321 4000906 2500679 2500681 5501133 2499774 1000454 5501133 2500680 5501133 \r\n-1 2999543 2499771 2999545 2499774 -1 2499770 2999545 2499773 2999547 \r\n1499317 5501129 2500678 5501129 10004...', 'output05': '-1 3998248 1499343 3998248 1499343 -1 1499343 3998248 1499343 3998248 \r\n3998248 13002181 5501091 5000435 4000873 2999561 5501091 4000873 2500655 1999999 \r\n1499343 5501091 5501091 4000873 2500655 2499780 2500655 5501091 1000437 2500655 \r\n3998248 5000435 4000873 13002181 3500217 2999561 5501091 3999123 5501091 4000873 \r\n1499343 4000873 2500655 3500217 5501091 2499780 1999999 5501091 2500655 5501091 \r\n-1 2999561 2499780 2999561 2499780 -1 2499780 2999561 2499780 2999561 \r\n1499343 5501091 2500655 5501091 19999...', 'output06': '-1 6000569 2250193 6001361 2249960 -1 2250589 6000103 2250356 6000895 \r\n6000569 10498913 4249457 3749203 2999426 3500401 4249853 3750051 2500444 3501249 \r\n2250193 4249457 4249457 2999645 1749628 2750009 1749833 4249457 1250441 2500253 \r\n6001361 3749203 2999645 10499705 2499172 3500373 4249853 3499115 4249620 3750461 \r\n2249960 2999426 1749628 2499172 4249224 2749776 1249374 4249224 1749614 4249224 \r\n-1 3500401 2750009 3500373 2749776 -1 2750405 3499991 2750172 3499963 \r\n2250589 4249853 1749833 4249853 12493...', 'output07': '-1 6000508 2250166 6001272 2249980 -1 2250548 6000136 2250362 6000900 \r\n6000508 10498915 4249458 3749239 2999455 3500363 4249840 3750035 2500410 3501159 \r\n2250166 4249458 4249458 2999643 1749638 2749989 1749828 4249458 1250403 2500218 \r\n6001272 3749239 2999643 10499679 2499236 3500367 4249840 3499191 4249654 3750415 \r\n2249980 2999455 1749638 2499236 4249272 2749803 1249419 4249272 1749640 4249272 \r\n-1 3500363 2749989 3500367 2749803 -1 2750371 3499983 2750185 3499987 \r\n2250548 4249840 1749828 4249840 12494...', 'output08': '-1 6000588 2250213 6000058 2250538 -1 2249948 6001238 2250273 6000708 \r\n6000588 10499121 4249561 3749347 2999844 3499913 4249296 3750255 2500119 3500821 \r\n2250213 4249561 4249561 2999596 1749802 2750050 1749631 4249561 1250248 2500213 \r\n6000058 3749347 2999596 10498591 2499630 3500067 4249296 3499501 4249621 3749913 \r\n2250538 2999844 1749802 2499630 4249886 2750375 1249588 4249886 1749879 4249886 \r\n-1 3499913 2750050 3500067 2750375 -1 2749785 3500255 2750110 3500409 \r\n2249948 4249296 1749631 4249296 12495...', 'output09': '-1 5000731 1875297 5000369 1875295 -1 1875116 5000727 1875114 5000365 \r\n5000731 11749489 4874745 3749567 3499795 3250101 4874564 4500125 3125068 4000659 \r\n1875297 4874745 4874745 3499760 2124847 2625159 2124775 4874745 1750192 3125177 \r\n5000369 3749567 3499760 11749127 2374617 3250027 4874564 2499613 4874562 4499981 \r\n1875295 3499795 2124847 2374617 4874743 2625157 999669 4874743 2124810 4874743 \r\n-1 3250101 2625159 3250027 2625157 -1 2624978 3250245 2624976 3250171 \r\n1875116 4874564 2124775 4874564 999669...', 'output10': '-1 1 0 3 2 -1 1 5 3 7 \r\n1 1 0 1 1 1 1 1 1 1 \r\n0 0 0 0 0 0 0 0 0 0 \r\n3 1 0 3 2 3 1 3 3 1 \r\n2 1 0 2 2 2 1 2 1 2 \r\n-1 1 0 3 2 -1 1 1 3 3 \r\n1 1 0 1 1 1 1 1 1 1 \r\n5 1 0 3 2 1 1 5 2 3 \r\n3 1 0 3 1 3 1 2 3 3 \r\n7 1 0 1 2 3 1 3 3 7 \r\n', 'output11': '-1 0 -1 6 -1 -1 -1 2 -1 8 \r\n0 0 0 0 0 0 0 0 0 0 \r\n-1 0 -1 3 -1 3 -1 2 -1 1 \r\n6 0 3 6 2 2 3 2 1 2 \r\n-1 0 -1 2 -1 4 -1 1 -1 3 \r\n-1 0 3 2 4 -1 1 2 2 4 \r\n-1 0 -1 3 -1 1 -1 2 -1 2 \r\n2 0 2 2 1 2 2 2 2 2 \r\n-1 0 -1 1 -1 2 -1 2 -1 4 \r\n8 0 1 2 3 4 2 2 4 8 \r\n', 'output12': '-1 0 -1 6 -1 -1 -1 2 -1 8 \r\n0 9 4 3 3 1 4 3 2 1 \r\n-1 4 -1 6 -1 4 -1 6 -1 3 \r\n6 3 6 15 4 3 7 3 5 5 \r\n-1 3 -1 4 -1 5 -1 5 -1 7 \r\n-1 1 4 3 5 -1 2 3 3 5 \r\n-1 4 -1 7 -1 2 -1 4 -1 5 \r\n2 3 6 3 5 3 4 11 5 5 \r\n-1 2 -1 5 -1 3 -1 5 -1 8 \r\n8 1 3 5 7 5 5 5 8 17 \r\n', 'output13': '-1 0 -1 6 -1 -1 -1 2 -1 8 \r\n0 9 4 3 3 1 4 3 2 1 \r\n-1 4 -1 6 -1 4 -1 6 -1 3 \r\n6 3 6 15 4 3 7 3 5 5 \r\n-1 3 -1 4 -1 5 -1 5 -1 7 \r\n-1 1 4 3 5 -1 2 3 3 5 \r\n-1 4 -1 7 -1 2 -1 4 -1 5 \r\n2 3 6 3 5 3 4 11 5 5 \r\n-1 2 -1 5 -1 3 -1 5 -1 8 \r\n8 1 3 5 7 5 5 5 8 17 \r\n', 'output14': '-1 2 -1 0 -1 -1 -1 8 -1 6 \r\n2 2 1 0 2 2 2 2 2 2 \r\n-1 1 -1 0 -1 4 -1 3 -1 2 \r\n0 0 0 0 0 0 0 0 0 0 \r\n-1 2 -1 0 -1 2 -1 4 -1 1 \r\n-1 2 4 0 2 -1 3 4 1 2 \r\n-1 2 -1 0 -1 3 -1 1 -1 3 \r\n8 2 3 0 4 4 1 8 2 2 \r\n-1 2 -1 0 -1 1 -1 2 -1 3 \r\n6 2 2 0 1 2 3 2 3 6 \r\n', 'output15': '-1 6 -1 8 -1 -1 -1 0 -1 2 \r\n6 6 3 2 3 2 1 0 2 2 \r\n-1 3 -1 2 -1 1 -1 0 -1 2 \r\n8 2 2 8 1 4 4 0 3 2 \r\n-1 3 -1 1 -1 3 -1 0 -1 2 \r\n-1 2 1 4 3 -1 2 0 4 2 \r\n-1 1 -1 4 -1 2 -1 0 -1 2 \r\n0 0 0 0 0 0 0 0 0 0 \r\n-1 2 -1 3 -1 4 -1 0 -1 1 \r\n2 2 2 2 2 2 2 0 1 2 \r\n', 'output16': '-1 3581 -1 3667 -1 -1 -1 3573 -1 3659 \r\n3581 4436 1968 1484 1472 1736 2016 1468 1404 1702 \r\n-1 1968 -1 1480 -1 1723 -1 1988 -1 1388 \r\n3667 1484 1480 4522 1361 1714 2011 1684 1967 1504 \r\n-1 1472 -1 1361 -1 1674 -1 1964 -1 1939 \r\n-1 1736 1723 1714 1674 -1 1751 1712 1702 1690 \r\n-1 2016 -1 2011 -1 1751 -1 1399 -1 1535 \r\n3573 1468 1988 1684 1964 1712 1399 4428 1485 1498 \r\n-1 1404 -1 1967 -1 1702 -1 1485 -1 2007 \r\n3659 1702 1388 1504 1939 1690 1535 1498 2007 4514 \r\n', 'output17': '-1 2073 -1 2135 -1 -1 -1 2097 -1 2159 \r\n2073 2532 1105 848 840 1008 1117 860 799 1014 \r\n-1 1105 -1 824 -1 966 -1 1096 -1 784 \r\n2135 848 824 2594 766 1034 1136 970 1134 880 \r\n-1 840 -1 766 -1 983 -1 1117 -1 1113 \r\n-1 1008 966 1034 983 -1 987 996 1004 1022 \r\n-1 1117 -1 1136 -1 987 -1 762 -1 857 \r\n2097 860 1096 970 1117 996 762 2556 840 870 \r\n-1 799 -1 1134 -1 1004 -1 840 -1 1148 \r\n2159 1014 784 880 1113 1022 857 870 1148 2618 \r\n', 'output18': '0 0 0 0 0 0 0 0 0 0 \r\n0 0 0 0 0 0 0 0 0 0 \r\n0 0 0 0 0 0 0 0 0 0 \r\n0 0 0 0 0 0 0 0 0 0 \r\n0 0 0 0 0 0 0 0 0 0 \r\n0 0 0 0 0 0 0 0 0 0 \r\n0 0 0 0 0 0 0 0 0 0 \r\n0 0 0 0 0 0 0 0 0 0 \r\n0 0 0 0 0 0 0 0 0 0 \r\n0 0 0 0 0 0 0 0 0 0 \r\n', 'output19': '-1 18 -1 16 -1 -1 -1 24 -1 22 \r\n18 18 8 4 9 6 3 8 6 10 \r\n-1 8 -1 7 -1 12 -1 9 -1 9 \r\n16 4 7 16 5 8 7 4 6 6 \r\n-1 9 -1 5 -1 15 -1 11 -1 12 \r\n-1 6 12 8 15 -1 6 12 9 14 \r\n-1 3 -1 7 -1 6 -1 3 -1 7 \r\n24 8 9 4 11 12 3 24 6 6 \r\n-1 6 -1 6 -1 9 -1 6 -1 10 \r\n22 10 9 6 12 14 7 6 10 22 \r\n', 'output20': '-1 27 -1 15 -1 -1 -1 33 -1 21 \r\n27 27 12 7 9 11 7 11 5 9 \r\n-1 12 -1 9 -1 16 -1 13 -1 8 \r\n15 7 9 15 7 7 6 9 5 5 \r\n-1 9 -1 7 -1 14 -1 15 -1 11 \r\n-1 11 16 7 14 -1 10 17 8 13 \r\n-1 7 -1 6 -1 10 -1 7 -1 6 \r\n33 11 13 9 15 17 7 33 9 7 \r\n-1 5 -1 5 -1 8 -1 9 -1 9 \r\n21 9 8 5 11 13 6 7 9 21 \r\n', 'output21': '-1 26 -1 24 -1 -1 -1 32 -1 30 \r\n26 26 12 8 8 10 11 10 7 10 \r\n-1 12 -1 12 -1 17 -1 17 -1 10 \r\n24 8 12 24 11 8 11 14 9 8 \r\n-1 8 -1 11 -1 15 -1 15 -1 15 \r\n-1 10 17 8 15 -1 11 16 9 14 \r\n-1 11 -1 11 -1 11 -1 12 -1 9 \r\n32 10 17 14 15 16 12 32 11 10 \r\n-1 7 -1 9 -1 9 -1 11 -1 14 \r\n30 10 10 8 15 14 9 10 14 30 \r\n', 'output22': '-1 26 -1 34 -1 -1 -1 22 -1 30 \r\n26 26 11 8 5 14 11 8 6 10 \r\n-1 11 -1 13 -1 15 -1 12 -1 7 \r\n34 8 13 34 8 14 15 12 9 12 \r\n-1 5 -1 8 -1 13 -1 9 -1 10 \r\n-1 14 15 14 13 -1 14 14 12 14 \r\n-1 11 -1 15 -1 14 -1 10 -1 9 \r\n22 8 12 12 9 14 10 22 10 8 \r\n-1 6 -1 9 -1 12 -1 10 -1 13 \r\n30 10 7 12 10 14 9 8 13 30 \r\n', 'output23': '-1 35 -1 23 -1 -1 -1 41 -1 29 \r\n35 44 20 14 14 12 19 18 13 18 \r\n-1 20 -1 14 -1 17 -1 25 -1 16 \r\n23 14 14 32 15 8 14 18 17 12 \r\n-1 14 -1 15 -1 15 -1 23 -1 23 \r\n-1 12 17 8 15 -1 11 18 9 14 \r\n-1 19 -1 14 -1 11 -1 15 -1 11 \r\n41 18 25 18 23 18 15 50 14 14 \r\n-1 13 -1 17 -1 9 -1 14 -1 17 \r\n29 18 16 12 23 14 11 14 17 38 \r\n', 'output24': '-1 26 -1 14 -1 -1 -1 42 -1 30 \r\n26 35 16 9 14 15 15 15 10 11 \r\n-1 16 -1 11 -1 23 -1 21 -1 12 \r\n14 9 11 23 8 7 10 9 8 7 \r\n-1 14 -1 8 -1 16 -1 24 -1 14 \r\n-1 15 23 7 16 -1 17 23 10 15 \r\n-1 15 -1 10 -1 17 -1 11 -1 15 \r\n42 15 21 9 24 23 11 51 15 13 \r\n-1 10 -1 8 -1 10 -1 15 -1 18 \r\n30 11 12 7 14 15 15 13 18 39 \r\n', 'output25': '-1 25 -1 13 -1 -1 -1 51 -1 39 \r\n25 25 11 5 13 13 10 15 10 15 \r\n-1 11 -1 7 -1 26 -1 21 -1 14 \r\n13 5 7 13 5 5 5 7 3 5 \r\n-1 13 -1 5 -1 19 -1 24 -1 14 \r\n-1 13 26 5 19 -1 15 27 8 19 \r\n-1 10 -1 5 -1 15 -1 8 -1 15 \r\n51 15 21 7 24 27 8 51 12 13 \r\n-1 10 -1 3 -1 8 -1 12 -1 18 \r\n39 15 14 5 14 19 15 13 18 39 \r\n', 'output26': '-1 28 -1 28 -1 -1 -1 28 -1 28 \r\n28 28 12 10 7 12 13 10 8 12 \r\n-1 12 -1 10 -1 11 -1 13 -1 8 \r\n28 10 10 28 11 12 12 16 13 10 \r\n-1 7 -1 11 -1 11 -1 12 -1 13 \r\n-1 12 11 12 11 -1 11 12 11 12 \r\n-1 13 -1 12 -1 11 -1 11 -1 7 \r\n28 10 13 16 12 12 11 28 10 10 \r\n-1 8 -1 13 -1 11 -1 10 -1 12 \r\n28 12 8 10 13 12 7 10 12 28 \r\n', 'output27': '-1 26 -1 24 -1 -1 -1 32 -1 30 \r\n26 26 11 6 11 10 6 12 9 16 \r\n-1 11 -1 9 -1 15 -1 12 -1 12 \r\n24 6 9 24 6 12 10 6 9 10 \r\n-1 11 -1 6 -1 18 -1 14 -1 15 \r\n-1 10 15 12 18 -1 9 16 12 18 \r\n-1 6 -1 10 -1 9 -1 4 -1 9 \r\n32 12 12 6 14 16 4 32 8 8 \r\n-1 9 -1 9 -1 12 -1 8 -1 13 \r\n30 16 12 10 15 18 9 8 13 30 \r\n', 'output28': '-1 14 -1 8 -1 -1 -1 32 -1 26 \r\n14 14 6 2 8 6 4 10 6 10 \r\n-1 6 -1 5 -1 15 -1 12 -1 9 \r\n8 2 5 8 4 4 3 4 3 4 \r\n-1 8 -1 4 -1 14 -1 15 -1 11 \r\n-1 6 15 4 14 -1 7 16 6 14 \r\n-1 4 -1 3 -1 7 -1 4 -1 8 \r\n32 10 12 4 15 16 4 32 8 8 \r\n-1 6 -1 3 -1 6 -1 8 -1 12 \r\n26 10 9 4 11 14 8 8 12 26 \r\n', 'output29': '-1 10 -1 8 -1 -1 -1 16 -1 14 \r\n10 28 12 8 10 8 13 12 9 10 \r\n-1 12 -1 8 -1 9 -1 14 -1 9 \r\n8 8 8 26 5 6 11 4 11 10 \r\n-1 10 -1 5 -1 7 -1 15 -1 12 \r\n-1 8 9 6 7 -1 8 10 6 8 \r\n-1 13 -1 11 -1 8 -1 6 -1 11 \r\n16 12 14 4 15 10 6 34 10 10 \r\n-1 9 -1 11 -1 6 -1 10 -1 14 \r\n14 10 9 10 12 8 11 10 14 32 \r\n', 'output30': '-1 17 -1 15 -1 -1 -1 33 -1 31 \r\n17 26 11 8 11 10 11 12 8 10 \r\n-1 11 -1 9 -1 17 -1 17 -1 10 \r\n15 8 9 24 8 8 10 10 9 8 \r\n-1 11 -1 8 -1 15 -1 19 -1 15 \r\n-1 10 17 8 15 -1 11 18 9 16 \r\n-1 11 -1 10 -1 11 -1 9 -1 13 \r\n33 12 17 10 19 18 9 42 12 14 \r\n-1 8 -1 9 -1 9 -1 12 -1 18 \r\n31 10 10 8 15 16 13 14 18 40 \r\n', 'output31': '-1 35 -1 23 -1 -1 -1 41 -1 29 \r\n35 44 20 14 14 16 19 16 11 12 \r\n-1 20 -1 14 -1 17 -1 20 -1 11 \r\n23 14 14 32 15 12 14 18 17 10 \r\n-1 14 -1 15 -1 15 -1 23 -1 18 \r\n-1 16 17 12 15 -1 16 18 14 14 \r\n-1 19 -1 14 -1 16 -1 15 -1 11 \r\n41 16 20 18 23 18 15 50 17 14 \r\n-1 11 -1 17 -1 14 -1 17 -1 17 \r\n29 12 11 10 18 14 11 14 17 38 \r\n', 'output32': '-1 25 -1 13 -1 -1 -1 51 -1 39 \r\n25 25 11 5 13 9 10 17 12 19 \r\n-1 11 -1 7 -1 21 -1 21 -1 16 \r\n13 5 7 13 8 5 5 9 8 7 \r\n-1 13 -1 8 -1 19 -1 24 -1 19 \r\n-1 9 21 5 19 -1 10 23 8 19 \r\n-1 10 -1 5 -1 10 -1 8 -1 12 \r\n51 17 21 9 24 23 8 51 12 13 \r\n-1 12 -1 8 -1 8 -1 12 -1 18 \r\n39 19 16 7 19 19 12 13 18 39 \r\n', 'output33': '-1 25 -1 13 -1 -1 -1 51 -1 39 \r\n25 25 10 5 13 9 5 17 9 17 \r\n-1 10 -1 7 -1 19 -1 16 -1 13 \r\n13 5 7 13 8 9 4 9 8 7 \r\n-1 13 -1 8 -1 22 -1 23 -1 19 \r\n-1 9 19 9 22 -1 8 23 11 23 \r\n-1 5 -1 4 -1 8 -1 5 -1 9 \r\n51 17 16 9 23 23 5 51 12 13 \r\n-1 9 -1 8 -1 11 -1 12 -1 17 \r\n39 17 13 7 19 23 9 13 17 39 \r\n', 'output34': '-1 25 -1 23 -1 -1 -1 41 -1 39 \r\n25 25 10 5 10 13 10 15 11 19 \r\n-1 10 -1 8 -1 19 -1 16 -1 13 \r\n23 5 8 23 5 11 9 7 8 11 \r\n-1 10 -1 5 -1 17 -1 18 -1 14 \r\n-1 13 19 11 17 -1 13 21 11 19 \r\n-1 10 -1 9 -1 13 -1 6 -1 12 \r\n41 15 16 7 18 21 6 41 11 11 \r\n-1 11 -1 8 -1 11 -1 11 -1 17 \r\n39 19 13 11 14 19 12 11 17 39 \r\n', 'output35': '-1 27 -1 15 -1 -1 -1 33 -1 21 \r\n27 45 20 13 15 13 15 17 9 11 \r\n-1 20 -1 15 -1 18 -1 21 -1 12 \r\n15 13 15 33 11 9 14 11 13 11 \r\n-1 15 -1 11 -1 16 -1 23 -1 19 \r\n-1 13 18 9 16 -1 12 19 10 15 \r\n-1 15 -1 14 -1 12 -1 11 -1 12 \r\n33 17 21 11 23 19 11 51 15 13 \r\n-1 9 -1 13 -1 10 -1 15 -1 17 \r\n21 11 12 11 19 15 12 13 17 39 \r\n', 'output36': '-1 35 -1 23 -1 -1 -1 41 -1 29 \r\n35 35 15 11 11 11 10 15 8 17 \r\n-1 15 -1 11 -1 19 -1 21 -1 14 \r\n23 11 11 23 10 7 9 15 8 9 \r\n-1 11 -1 10 -1 17 -1 18 -1 19 \r\n-1 11 19 7 17 -1 8 21 6 17 \r\n-1 10 -1 9 -1 8 -1 10 -1 8 \r\n41 15 21 15 18 21 10 41 8 11 \r\n-1 8 -1 8 -1 6 -1 8 -1 12 \r\n29 17 14 9 19 17 8 11 12 29 \r\n', 'output37': '-1 35 -1 33 -1 -1 -1 31 -1 29 \r\n35 53 24 17 20 17 18 15 13 13 \r\n-1 24 -1 18 -1 18 -1 19 -1 14 \r\n33 17 18 51 14 19 23 13 21 15 \r\n-1 20 -1 14 -1 21 -1 22 -1 22 \r\n-1 17 18 19 21 -1 17 17 20 19 \r\n-1 18 -1 23 -1 17 -1 12 -1 17 \r\n31 15 19 13 22 17 12 49 16 15 \r\n-1 13 -1 21 -1 20 -1 16 -1 21 \r\n29 13 14 15 22 19 17 15 21 47 \r\n', 'output38': '-1 34 -1 22 -1 -1 -1 50 -1 38 \r\n34 34 15 8 16 14 9 16 11 18 \r\n-1 15 -1 10 -1 25 -1 20 -1 16 \r\n22 8 10 22 7 10 9 8 7 8 \r\n-1 16 -1 7 -1 23 -1 23 -1 18 \r\n-1 14 25 10 23 -1 14 26 12 22 \r\n-1 9 -1 9 -1 14 -1 7 -1 14 \r\n50 16 20 8 23 26 7 50 11 12 \r\n-1 11 -1 7 -1 12 -1 11 -1 17 \r\n38 18 16 8 18 22 14 12 17 38 \r\n', 'output39': '-1 36 -1 24 -1 -1 -1 32 -1 20 \r\n36 54 24 16 15 18 19 18 10 12 \r\n-1 24 -1 18 -1 17 -1 20 -1 11 \r\n24 16 18 42 13 14 18 14 17 14 \r\n-1 15 -1 13 -1 15 -1 22 -1 18 \r\n-1 18 17 14 15 -1 16 18 14 14 \r\n-1 19 -1 18 -1 16 -1 13 -1 11 \r\n32 18 20 14 22 18 13 50 17 12 \r\n-1 10 -1 17 -1 14 -1 17 -1 16 \r\n20 12 11 14 18 14 11 12 16 38 \r\n', 'output40': '-1 36 -1 24 -1 -1 -1 32 -1 20 \r\n36 45 20 15 12 13 15 15 8 13 \r\n-1 20 -1 15 -1 16 -1 21 -1 12 \r\n24 15 15 33 13 9 14 17 13 11 \r\n-1 12 -1 13 -1 14 -1 18 -1 19 \r\n-1 13 16 9 14 -1 10 17 8 13 \r\n-1 15 -1 14 -1 10 -1 13 -1 8 \r\n32 15 21 17 18 17 13 41 11 11 \r\n-1 8 -1 13 -1 8 -1 11 -1 12 \r\n20 13 12 11 19 13 8 11 12 29 \r\n', 'output41': '-1 26 -1 24 -1 -1 -1 32 -1 30 \r\n26 35 16 11 11 11 15 13 9 11 \r\n-1 16 -1 15 -1 18 -1 21 -1 12 \r\n24 11 15 33 13 9 15 15 13 11 \r\n-1 11 -1 13 -1 16 -1 19 -1 19 \r\n-1 11 18 9 16 -1 12 17 10 15 \r\n-1 15 -1 15 -1 12 -1 14 -1 12 \r\n32 13 21 15 19 17 14 41 14 13 \r\n-1 9 -1 13 -1 10 -1 14 -1 18 \r\n30 11 12 11 19 15 12 13 18 39 \r\n', 'output42': '-1 44 -1 32 -1 -1 -1 40 -1 28 \r\n44 44 20 12 14 20 14 14 10 14 \r\n-1 20 -1 14 -1 20 -1 15 -1 11 \r\n32 12 14 32 10 16 14 12 12 10 \r\n-1 14 -1 10 -1 18 -1 18 -1 13 \r\n-1 20 20 16 18 -1 19 20 17 16 \r\n-1 14 -1 14 -1 19 -1 10 -1 10 \r\n40 14 15 12 18 20 10 40 13 8 \r\n-1 10 -1 12 -1 17 -1 13 -1 12 \r\n28 14 11 10 13 16 10 8 12 28 \r\n', 'output43': '-1 35 -1 23 -1 -1 -1 41 -1 29 \r\n35 44 20 12 17 16 14 16 11 14 \r\n-1 20 -1 14 -1 22 -1 20 -1 14 \r\n23 12 14 32 10 12 14 10 12 10 \r\n-1 17 -1 10 -1 20 -1 23 -1 18 \r\n-1 16 22 12 20 -1 16 22 14 18 \r\n-1 14 -1 14 -1 16 -1 10 -1 14 \r\n41 16 20 10 23 22 10 50 14 12 \r\n-1 11 -1 12 -1 14 -1 14 -1 17 \r\n29 14 14 10 18 18 14 12 17 38 \r\n'}"
